-49  10 10 
-51  10 10 
-52  10 10 
-48  10 10 
-50  10 10 
-52  10 10 
-54  10 10 
-56  10 10 
-59  10 10 
-51  10 10 
-54  10 10 
-54  10 10 
-57  10 10 
-56  10 10 
-58  10 10 
-60  10 10 
-60  10 10 
-41  10 10 
-39  10 10 
-44  10 10 
-34  10 10 
-36  10 10 
-39  10 10 
-35  10 10 
-34  10 10 
-25  10 10 
-20  10 10 
-30  10 10 
-29  10 10 
-25  10 10 
-27  10 10 
-22  10 10 
-22  10 10 
-44  10 10 
-39  10 10 
-43  10 10 
-39  10 10 
-34  10 10 
-36  10 10 
-40  10 10 
-33  10 10 
-45  10 10 
-48  10 10 
-44  10 10 
-41  10 10 
-24  10 10 
-31  10 10 
-19  10 10 
-19  10 10 
-24  10 10 
-20  10 10 
-30  10 10 
-24  10 10 
-27  10 10 
-25  10 10 
-46  10 10 
-40  10 10 
-47  10 10 
-28  10 10 
-28  10 10 
-18  10 10 
-26  10 10 
-22  10 10 
-20  10 10 
-23  10 10 
-22  10 10 
-17  10 10 
-10  10 10 
-14  10 10 
-17  10 10 
-47  10 10 
-45  10 10 
-41  10 10 
-51  10 10 
-53  10 10 
-43  10 10 
-47  10 10 
-51  10 10 
-52  10 10 
-54  10 10 
-54  10 10 
-45  10 10 
-60  10 10 
-60  10 10 
-62  10 10 
-65  10 10 
-62  10 10 
-63  10 10 
-63  10 10 
-59  10 10 
-56  10 10 
-51  10 10 
-49  10 10 
-49  10 10 
-54  10 10 
-50  10 10 
-58  10 10 
-61  10 10 
-58  10 10 
-57  10 10 
-57  10 10 
-62  10 10 
-62  10 10 
-60  10 10 
-62  10 10 
-62  10 10 
-62  10 10 
-61  10 10 
-63  10 10 
-62  10 10 
-60  10 10 
-56  10 10 
-34  10 10 
-37  10 10 
-41  10 10 
-40  10 10 
-36  10 10 
-28  10 10 
-32  10 10 
-33  10 10 
-41  10 10 
-45  10 10 
-44  10 10 
-44  10 10 
-27  10 10 
-30  10 10 
-28  10 10 
-24  10 10 
-19  10 10 
-25  10 10 
-28  10 10 
-20  10 10 
-20  10 10 
-18  10 10 
-39  10 10 
-34  10 10 
-36  10 10 
-30  10 10 
-40  10 10 
-37  10 10 
-35  10 10 
-40  10 10 
-27  10 10 
-31  10 10 
-31  10 10 
-29  10 10 
-23  10 10 
-21  10 10 
-13  10 10 
-53  10 10 
-55  10 10 
-54  10 10 
-54  10 10 
-53  10 10 
-43  10 10 
-48  10 10 
-47  10 10 
-47  10 10 
-47  10 10 
-44  10 10 
-42  10 10 
-42  10 10 
-38  10 10 
-42  10 10 
-41  10 10 
-38  10 10 
-38  10 10 
-49  10 10 
-52  10 10 
-49  10 10 
-50  10 10 
-46  10 10 
-50  10 10 
-48  10 10 
-44  10 10 
-42  10 10 
-46  10 10 
-45  10 10 
-43  10 10 
-41  10 10 
-41  10 10 
-40  10 10 
-42  10 10 
-40  10 10 
-39  10 10 
-39  10 10 
-37  10 10 
-36  10 10 
-37  10 10 
-35  10 10 
-37  10 10 
-40  10 10 
-39  10 10 
-38  10 10 
-38  10 10 
-34  10 10 
-35  10 10 
-38  10 10 
-39  10 10 
-35  10 10 
-37  10 10 
-56  10 10 
-57  10 10 
-57  10 10 
-55  10 10 
-55  10 10 
-58  10 10 
-58  10 10 
-56  10 10 
-53  10 10 
-52  10 10 
-56  10 10 
-60  10 10 
-59  10 10 
-62  10 10 
-61  10 10 
-60  10 10 
-58  10 10 
-60  10 10 
-53  10 10 
-53  10 10 
-48  10 10 
-48  10 10 
-44  10 10 
-47  10 10 
-45  10 10 
-55  10 10 
-56  10 10 
-61  10 10 
-59  10 10 
-59  10 10 
-58  10 10 
-49  10 10 
-52  10 10 
-55  10 10 
-57  10 10 
-59  10 10 
-49  10 10 
-51  10 10 
-46  10 10 
-43  10 10 
-40  10 10 
-42  10 10 
-41  10 10 
-40  10 10 
-40  10 10 
-45  10 10 
-43  10 10 
-42  10 10 
-38  10 10 
-41  10 10 
-38  10 10 
-35  10 10 
-34  10 10 
-32  10 10 
-31  10 10 
-26  10 10 
-27  10 10 
-31  10 10 
-26  10 10 
-27  10 10 
-37  10 10 
-34  10 10 
-36  10 10 
-34  10 10 
-36  10 10 
-33  10 10 
-32  10 10 
-28  10 10 
-29  10 10 
-22  10 10 
-23  10 10 
-29  10 10 
-31  10 10 
-26  10 10 
-26  10 10 
-27  10 10 
-34  10 10 
-30  10 10 
-27  10 10 
-23  10 10 
-25  10 10 
-25  10 10 
-22  10 10 
-23  10 10 
-19  10 10 
-17  10 10 
-16  10 10 
-13  10 10 
-6  9 9 
-13  10 10 
-13  10 10 
-11  10 10 
-15  10 10 
-17  10 10 
-13  10 10 
-21  10 10 
-21  10 10 
-15  10 10 
-18  10 10 
-15  10 10 
-10  10 10 
-8  9 9 
-8  9 9 
-6  9 9 
-11  10 10 
-10  10 10 
-35  10 10 
-32  10 10 
-28  10 10 
-29  10 10 
-33  10 10 
-31  10 10 
-30  10 10 
-32  10 10 
-27  10 10 
-25  10 10 
-26  10 10 
-24  10 10 
-23  10 10 
-19  10 10 
-21  10 10 
-17  10 10 
-32  10 10 
-30  10 10 
-30  10 10 
-27  10 10 
-31  10 10 
-26  10 10 
-22  10 10 
-26  10 10 
-23  10 10 
-20  10 10 
-23  10 10 
-17  10 10 
-20  10 10 
-3  9 9 
-3  9 9 
-4  9 9 
-4  9 9 
-17  10 10 
-18  10 10 
-16  10 10 
-16  10 10 
-16  10 10 
-11  10 10 
-11  10 10 
-13  10 10 
-14  10 10 
-11  10 10 
-18  10 10 
-19  10 10 
-15  10 10 
-13  10 10 
-13  10 10 
-12  10 10 
-4  9 9 
-6  9 9 
-6  9 9 
-3  9 9 
-8  9 9 
-6  9 9 
-9  9 9 
-7  9 9 
-10  10 10 
-17  10 10 
-17  10 10 
-14  10 10 
-9  9 9 
-12  10 10 
-7  9 9 
-7  9 9 
-9  9 9 
-9  9 9 
-71  10 10 
-71  10 10 
-71  10 10 
-70  10 10 
-70  10 10 
-72  10 10 
-68  10 10 
-69  10 10 
-70  10 10 
-71  10 10 
-66  10 10 
-69  10 10 
-71  10 10 
-71  10 10 
-72  10 10 
-71  10 10 
-71  10 10 
-72  10 10 
-72  10 10 
-72  10 10 
-72  10 10 
-72  10 10 
-72  10 10 
-72  10 10 
-72  10 10 
-72  10 10 
-72  10 10 
-72  10 10 
-70  10 10 
-70  10 10 
-70  10 10 
-70  10 10 
-68  10 10 
-69  10 10 
-69  10 10 
-63  10 10 
-64  10 10 
-64  10 10 
-66  10 10 
-66  10 10 
-66  10 10 
-66  10 10 
-67  10 10 
-69  10 10 
-67  10 10 
-67  10 10 
-66  10 10 
-66  10 10 
-65  10 10 
-66  10 10 
-65  10 10 
-65  10 10 
-66  10 10 
-66  10 10 
-58  10 10 
-64  10 10 
-62  10 10 
-63  10 10 
-63  10 10 
-61  10 10 
-60  10 10 
-65  10 10 
-65  10 10 
-65  10 10 
-65  10 10 
-65  10 10 
-64  10 10 
-64  10 10 
-65  10 10 
-66  10 10 
-65  10 10 
-65  10 10 
-65  10 10 
-65  10 10 
-65  10 10 
-65  10 10 
-64  10 10 
-63  10 10 
-63  10 10 
-65  10 10 
-64  10 10 
-63  10 10 
-63  10 10 
-64  10 10 
-68  10 10 
-65  10 10 
-64  10 10 
-33  10 10 
-32  10 10 
-32  10 10 
-32  10 10 
-33  10 10 
-33  10 10 
-32  10 10 
-31  10 10 
-31  10 10 
-32  10 10 
-29  10 10 
-30  10 10 
-28  10 10 
-27  10 10 
-26  10 10 
-30  10 10 
-28  10 10 
-27  10 10 
-24  10 10 
-21  10 10 
-26  10 10 
-26  10 10 
-25  10 10 
-20  10 10 
-19  10 10 
-19  10 10 
-60  10 10 
-62  10 10 
-61  10 10 
-61  10 10 
-61  10 10 
-61  10 10 
-48  10 10 
-53  10 10 
-56  10 10 
-52  10 10 
-48  10 10 
-52  10 10 
-52  10 10 
-51  10 10 
-51  10 10 
-51  10 10 
-52  10 10 
-52  10 10 
-53  10 10 
-49  10 10 
-50  10 10 
-50  10 10 
-49  10 10 
-54  10 10 
-58  10 10 
-57  10 10 
-58  10 10 
-58  10 10 
-58  10 10 
-57  10 10 
-58  10 10 
-56  10 10 
-56  10 10 
-56  10 10 
-57  10 10 
-57  10 10 
-57  10 10 
-54  10 10 
-55  10 10 
-57  10 10 
-57  10 10 
-58  10 10 
-59  10 10 
-59  10 10 
-60  10 10 
-60  10 10 
-60  10 10 
-60  10 10 
-53  10 10 
-63  10 10 
-66  10 10 
-60  10 10 
-63  10 10 
-62  10 10 
-63  10 10 
-61  10 10 
-61  10 10 
-60  10 10 
-63  10 10 
-63  10 10 
-63  10 10 
-65  10 10 
-64  10 10 
-62  10 10 
-63  10 10 
-64  10 10 
-65  10 10 
-68  10 10 
-69  10 10 
-67  10 10 
-68  10 10 
-70  10 10 
-64  10 10 
-59  10 10 
-57  10 10 
-58  10 10 
-56  10 10 
-66  10 10 
-66  10 10 
-66  10 10 
-66  10 10 
-66  10 10 
-67  10 10 
-65  10 10 
-64  10 10 
-69  10 10 
-70  10 10 
-70  10 10 
-70  10 10 
-40  10 10 
-44  10 10 
-44  10 10 
-44  10 10 
-43  10 10 
-42  10 10 
-47  10 10 
-45  10 10 
-36  10 10 
-38  10 10 
-37  10 10 
-40  10 10 
-39  10 10 
-38  10 10 
-39  10 10 
-39  10 10 
-39  10 10 
-38  10 10 
-34  10 10 
-34  10 10 
-37  10 10 
-36  10 10 
-35  10 10 
-35  10 10 
-47  10 10 
-46  10 10 
-46  10 10 
-46  10 10 
-45  10 10 
-45  10 10 
-47  10 10 
-46  10 10 
-32  10 10 
-22  10 10 
-67  10 10 
-65  10 10 
-65  10 10 
-64  10 10 
-67  10 10 
-65  10 10 
-67  10 10 
-68  10 10 
-70  10 10 
-69  10 10 
-69  10 10 
-69  10 10 
-71  10 10 
-65  10 10 
-65  10 10 
-67  10 10 
-64  10 10 
-63  10 10 
-65  10 10 
-63  10 10 
-61  10 10 
-60  10 10 
-57  10 10 
-55  10 10 
-53  10 10 
-53  10 10 
-51  10 10 
-52  10 10 
-2  9 9 
-2  9 9 
-2  9 9 
-3  9 9 
-1  9 9 
-2  9 9 
-2  9 9 
-4  9 9 
-3  9 9 
-4  9 9 
-4  9 9 
-1  9 9 
-4  9 9 
-2  9 9 
-1  9 9 
0  8 8 
0  8 8 
-2  9 9 
-3  9 9 
-1  9 9 
0  9 9 
0  9 9 
-1  9 9 
0  8 8 
1  8 8 
3  8 8 
1  8 8 
4  8 8 
0  8 8 
3  8 8 
2  8 8 
-8  9 9 
-3  9 9 
-5  9 9 
2  8 8 
0  8 8 
1  8 8 
-1  9 9 
0  9 9 
-6  9 9 
-4  9 9 
-2  9 9 
-6  9 9 
-3  9 9 
-2  9 9 
1  8 8 
2  8 8 
0  8 8 
2  8 8 
0  9 9 
0  8 8 
5  8 8 
7  8 8 
4  8 8 
8  8 8 
9  8 8 
6  8 8 
4  8 8 
5  8 8 
9  8 8 
8  8 8 
9  8 8 
11  9 9 
3  8 8 
5  8 8 
-29  10 10 
-39  10 10 
-43  10 10 
-31  10 10 
-33  10 10 
-36  10 10 
-35  10 10 
-36  10 10 
-39  10 10 
-40  10 10 
-43  10 10 
-37  10 10 
-32  10 10 
-33  10 10 
-40  10 10 
-46  10 10 
-40  10 10 
-30  10 10 
-33  10 10 
-33  10 10 
-32  10 10 
-32  10 10 
-28  10 10 
-36  10 10 
-39  10 10 
-35  10 10 
-45  10 10 
-46  10 10 
-49  10 10 
-49  10 10 
-48  10 10 
-48  10 10 
-49  10 10 
-46  10 10 
-53  10 10 
-55  10 10 
-56  10 10 
-56  10 10 
-54  10 10 
-54  10 10 
-56  10 10 
-51  10 10 
-48  10 10 
-45  10 10 
-45  10 10 
-45  10 10 
-50  10 10 
-50  10 10 
-47  10 10 
-50  10 10 
-51  10 10 
-21  10 10 
-28  10 10 
-22  10 10 
-21  10 10 
-17  10 10 
-28  10 10 
-24  10 10 
-24  10 10 
-26  10 10 
-21  10 10 
-20  10 10 
-16  10 10 
-19  10 10 
-15  10 10 
-28  10 10 
-13  10 10 
-9  9 9 
-11  10 10 
-5  9 9 
-5  9 9 
-8  9 9 
-6  9 9 
-8  9 9 
-9  9 9 
-4  9 9 
-5  9 9 
-15  10 10 
-11  10 10 
-24  10 10 
-16  10 10 
-17  10 10 
-14  10 10 
-26  10 10 
-21  10 10 
-23  10 10 
-15  10 10 
-12  10 10 
-10  10 10 
-5  9 9 
-6  9 9 
-14  10 10 
-9  9 9 
-6  9 9 
-9  9 9 
-5  9 9 
-3  9 9 
-1  9 9 
-2  9 9 
0  9 9 
-39  10 10 
-36  10 10 
-24  10 10 
-30  10 10 
-30  10 10 
-27  10 10 
-27  10 10 
-37  10 10 
-36  10 10 
-32  10 10 
-36  10 10 
-32  10 10 
-23  10 10 
-21  10 10 
-33  10 10 
-29  10 10 
-27  10 10 
-26  10 10 
-23  10 10 
-22  10 10 
-19  10 10 
-18  10 10 
-23  10 10 
-43  10 10 
-42  10 10 
-41  10 10 
-39  10 10 
-42  10 10 
-41  10 10 
-47  10 10 
-46  10 10 
-45  10 10 
-43  10 10 
-49  10 10 
-48  10 10 
-47  10 10 
-43  10 10 
-42  10 10 
-43  10 10 
-39  10 10 
-35  10 10 
-33  10 10 
-36  10 10 
-37  10 10 
-32  10 10 
-39  10 10 
-43  10 10 
-41  10 10 
-38  10 10 
-39  10 10 
-36  10 10 
-38  10 10 
-34  10 10 
-31  10 10 
-29  10 10 
-18  10 10 
-20  10 10 
-17  10 10 
-15  10 10 
-9  9 9 
-12  10 10 
-12  10 10 
-13  10 10 
-9  9 9 
-14  10 10 
-17  10 10 
-17  10 10 
-22  10 10 
-19  10 10 
-15  10 10 
-11  10 10 
-14  10 10 
-10  10 10 
-9  9 9 
-6  9 9 
-8  9 9 
-8  9 9 
-8  9 9 
-6  9 9 
-16  10 10 
-17  10 10 
-12  10 10 
-8  9 9 
-6  9 9 
-6  9 9 
-6  9 9 
-4  9 9 
-10  10 10 
-8  9 9 
-5  9 9 
-14  10 10 
-10  10 10 
-15  10 10 
-12  10 10 
-8  9 9 
-5  9 9 
-4  9 9 
-6  9 9 
-8  9 9 
-3  9 9 
-4  9 9 
1  8 8 
0  9 9 
-1  9 9 
0  8 8 
3  8 8 
-2  9 9 
-3  9 9 
-1  9 9 
-2  9 9 
1  8 8 
-1  9 9 
7  8 8 
7  8 8 
12  9 9 
11  9 9 
16  9 9 
11  9 9 
9  8 8 
16  9 9 
12  9 9 
11  9 9 
14  9 9 
12  9 9 
11  9 9 
14  9 9 
14  9 9 
10  9 9 
19  9 9 
17  9 9 
18  9 9 
-24  10 10 
-17  10 10 
-19  10 10 
-18  10 10 
-14  10 10 
-15  10 10 
-14  10 10 
-29  10 10 
-28  10 10 
-35  10 10 
-35  10 10 
-34  10 10 
-34  10 10 
-31  10 10 
-29  10 10 
-32  10 10 
-30  10 10 
-25  10 10 
-25  10 10 
-28  10 10 
-23  10 10 
-26  10 10 
-24  10 10 
-27  10 10 
-26  10 10 
-22  10 10 
-19  10 10 
-23  10 10 
-22  10 10 
-22  10 10 
-20  10 10 
-23  10 10 
-21  10 10 
-22  10 10 
-21  10 10 
-17  10 10 
-15  10 10 
-15  10 10 
-10  10 10 
-6  9 9 
-10  10 10 
-12  10 10 
-12  10 10 
-9  9 9 
-8  9 9 
-8  9 9 
-9  9 9 
-7  9 9 
-21  10 10 
-19  10 10 
-20  10 10 
-17  10 10 
-18  10 10 
-18  10 10 
-17  10 10 
-14  10 10 
-13  10 10 
-14  10 10 
-15  10 10 
-13  10 10 
-12  10 10 
-13  10 10 
-13  10 10 
-10  10 10 
-7  9 9 
-6  9 9 
-5  9 9 
-3  9 9 
-5  9 9 
-10  10 10 
-11  10 10 
-11  10 10 
-9  9 9 
0  8 8 
-4  9 9 
-3  9 9 
0  8 8 
-13  10 10 
-13  10 10 
-7  9 9 
-7  9 9 
-9  9 9 
-5  9 9 
-6  9 9 
-7  9 9 
-10  10 10 
-6  9 9 
2  8 8 
-2  9 9 
4  8 8 
7  8 8 
3  8 8 
7  8 8 
4  8 8 
0  9 9 
2  8 8 
1  8 8 
3  8 8 
2  8 8 
4  8 8 
6  8 8 
5  8 8 
-4  9 9 
-2  9 9 
-3  9 9 
-8  9 9 
-5  9 9 
-7  9 9 
-1  9 9 
-2  9 9 
-3  9 9 
-1  9 9 
-4  9 9 
0  9 9 
0  9 9 
0  8 8 
0  8 8 
0  9 9 
2  8 8 
3  8 8 
0  8 8 
1  8 8 
2  8 8 
7  8 8 
5  8 8 
6  8 8 
7  8 8 
8  8 8 
10  9 9 
12  9 9 
13  9 9 
8  8 8 
16  9 9 
-5  9 9 
-4  9 9 
-3  9 9 
-1  9 9 
0  9 9 
0  8 8 
0  9 9 
-2  9 9 
-4  9 9 
-2  9 9 
-1  9 9 
0  9 9 
-2  9 9 
-2  9 9 
-3  9 9 
-3  9 9 
1  8 8 
1  8 8 
4  8 8 
8  8 8 
6  8 8 
5  8 8 
6  8 8 
9  8 8 
4  8 8 
10  9 9 
8  8 8 
9  8 8 
12  9 9 
13  9 9 
13  9 9 
12  9 9 
13  9 9 
15  9 9 
13  9 9 
15  9 9 
18  9 9 
21  9 9 
22  9 9 
18  9 9 
20  9 9 
21  9 9 
23  9 9 
17  9 9 
18  9 9 
20  9 9 
20  9 9 
23  9 9 
9  8 8 
9  8 8 
11  9 9 
13  9 9 
13  9 9 
-1  9 9 
-2  9 9 
-2  9 9 
-58  10 10 
-62  10 10 
-57  10 10 
-59  10 10 
-57  10 10 
-63  10 10 
-63  10 10 
-63  10 10 
-63  10 10 
-63  10 10 
-62  10 10 
-63  10 10 
-63  10 10 
-63  10 10 
-63  10 10 
-61  10 10 
-61  10 10 
-60  10 10 
-62  10 10 
-61  10 10 
-60  10 10 
-61  10 10 
-60  10 10 
-60  10 10 
-60  10 10 
-55  10 10 
-56  10 10 
-54  10 10 
-50  10 10 
-55  10 10 
-52  10 10 
-59  10 10 
-59  10 10 
-58  10 10 
-57  10 10 
-57  10 10 
-57  10 10 
-58  10 10 
-58  10 10 
-58  10 10 
-55  10 10 
-56  10 10 
-56  10 10 
-56  10 10 
-54  10 10 
-54  10 10 
-56  10 10 
-55  10 10 
-55  10 10 
-55  10 10 
-63  10 10 
-63  10 10 
-62  10 10 
-62  10 10 
-62  10 10 
-62  10 10 
-61  10 10 
-61  10 10 
-50  10 10 
-49  10 10 
-50  10 10 
-46  10 10 
-47  10 10 
-48  10 10 
-48  10 10 
-53  10 10 
-53  10 10 
-50  10 10 
-52  10 10 
-50  10 10 
-52  10 10 
-51  10 10 
-51  10 10 
-53  10 10 
-49  10 10 
-50  10 10 
-50  10 10 
-48  10 10 
-48  10 10 
-44  10 10 
-44  10 10 
-46  10 10 
-46  10 10 
-46  10 10 
-46  10 10 
-45  10 10 
-43  10 10 
-44  10 10 
-44  10 10 
-47  10 10 
-41  10 10 
-41  10 10 
-39  10 10 
-40  10 10 
-41  10 10 
-39  10 10 
-39  10 10 
-38  10 10 
-37  10 10 
-37  10 10 
-37  10 10 
-36  10 10 
-35  10 10 
-33  10 10 
-32  10 10 
-35  10 10 
-32  10 10 
-30  10 10 
-30  10 10 
-30  10 10 
-30  10 10 
-28  10 10 
-28  10 10 
-28  10 10 
-29  10 10 
-29  10 10 
-23  10 10 
-25  10 10 
-23  10 10 
-17  10 10 
-17  10 10 
-17  10 10 
-14  10 10 
-15  10 10 
-16  10 10 
-9  9 9 
-18  10 10 
-12  10 10 
-13  10 10 
-9  9 9 
-7  9 9 
0  9 9 
-1  9 9 
2  8 8 
-12  10 10 
-12  10 10 
-7  9 9 
-17  10 10 
-12  10 10 
-7  9 9 
-2  9 9 
0  9 9 
5  8 8 
4  8 8 
8  8 8 
11  9 9 
-7  9 9 
-3  9 9 
3  8 8 
4  8 8 
10  9 9 
11  9 9 
12  9 9 
12  9 9 
17  9 9 
17  9 9 
21  9 9 
19  9 9 
25  9 9 
14  9 9 
16  9 9 
23  9 9 
20  9 9 
26  9 9 
28  9 9 
1  8 8 
0  8 8 
3  8 8 
4  8 8 
7  8 8 
9  8 8 
9  8 8 
3  8 8 
0  9 9 
-2  9 9 
-1  9 9 
3  8 8 
6  8 8 
1  8 8 
4  8 8 
5  8 8 
-1  9 9 
0  8 8 
0  9 9 
-2  9 9 
-3  9 9 
11  9 9 
8  8 8 
12  9 9 
10  9 9 
13  9 9 
-12  10 10 
-9  9 9 
-6  9 9 
-3  9 9 
-12  10 10 
2  8 8 
13  9 9 
0  9 9 
9  8 8 
4  8 8 
16  9 9 
8  8 8 
9  8 8 
14  9 9 
-10  10 10 
-13  10 10 
-7  9 9 
-4  9 9 
-1  9 9 
-7  9 9 
-2  9 9 
0  9 9 
4  8 8 
-9  9 9 
-7  9 9 
-5  9 9 
0  8 8 
2  8 8 
-3  9 9 
7  8 8 
2  8 8 
9  8 8 
14  9 9 
4  8 8 
6  8 8 
8  8 8 
11  9 9 
13  9 9 
14  9 9 
17  9 9 
15  9 9 
17  9 9 
19  9 9 
23  9 9 
18  9 9 
21  9 9 
20  9 9 
23  9 9 
21  9 9 
25  9 9 
20  9 9 
29  9 9 
27  9 9 
31  9 9 
25  9 9 
27  9 9 
25  9 9 
31  9 9 
32  9 9 
34  9 9 
20  9 9 
25  9 9 
33  9 9 
30  9 9 
30  9 9 
36  9 9 
39  9 9 
36  9 9 
37  9 9 
38  9 9 
41  9 9 
42  9 9 
46  9 9 
42  9 9 
46  9 9 
45  9 9 
49  9 9 
49  9 9 
51  9 9 
50  9 9 
53  9 9 
54  9 9 
-4  9 9 
-9  9 9 
-2  9 9 
0  8 8 
5  8 8 
4  8 8 
1  8 8 
-3  9 9 
-6  9 9 
-3  9 9 
-5  9 9 
-2  9 9 
-4  9 9 
2  8 8 
0  8 8 
5  8 8 
0  9 9 
3  8 8 
6  8 8 
16  9 9 
8  8 8 
12  9 9 
12  9 9 
15  9 9 
20  9 9 
9  8 8 
9  8 8 
10  9 9 
21  9 9 
18  9 9 
20  9 9 
15  9 9 
12  9 9 
13  9 9 
15  9 9 
17  9 9 
17  9 9 
0  9 9 
-2  9 9 
-2  9 9 
7  8 8 
10  9 9 
12  9 9 
13  9 9 
14  9 9 
15  9 9 
16  9 9 
17  9 9 
21  9 9 
18  9 9 
12  9 9 
14  9 9 
16  9 9 
17  9 9 
18  9 9 
21  9 9 
22  9 9 
27  9 9 
23  9 9 
20  9 9 
20  9 9 
23  9 9 
27  9 9 
26  9 9 
22  9 9 
25  9 9 
26  9 9 
27  9 9 
17  9 9 
22  9 9 
19  9 9 
22  9 9 
20  9 9 
28  9 9 
28  9 9 
24  9 9 
24  9 9 
23  9 9 
24  9 9 
25  9 9 
26  9 9 
27  9 9 
29  9 9 
29  9 9 
23  9 9 
27  9 9 
24  9 9 
28  9 9 
24  9 9 
25  9 9 
25  9 9 
28  9 9 
25  9 9 
31  9 9 
36  9 9 
32  9 9 
31  9 9 
37  9 9 
28  9 9 
33  9 9 
39  9 9 
35  9 9 
36  9 9 
38  9 9 
39  9 9 
28  9 9 
30  9 9 
30  9 9 
32  9 9 
35  9 9 
32  9 9 
32  9 9 
34  9 9 
31  9 9 
35  9 9 
37  9 9 
35  9 9 
43  9 9 
43  9 9 
41  9 9 
38  9 9 
37  9 9 
39  9 9 
37  9 9 
36  9 9 
39  9 9 
42  9 9 
42  9 9 
44  9 9 
46  9 9 
43  9 9 
39  9 9 
43  9 9 
46  9 9 
43  9 9 
48  9 9 
46  9 9 
48  9 9 
52  9 9 
45  9 9 
50  9 9 
48  9 9 
46  9 9 
45  9 9 
47  9 9 
47  9 9 
51  9 9 
50  9 9 
52  9 9 
57  9 9 
54  9 9 
56  9 9 
59  9 9 
59  9 9 
52  9 9 
47  9 9 
49  9 9 
50  9 9 
52  9 9 
52  9 9 
55  9 9 
56  9 9 
60  9 9 
55  9 9 
31  9 9 
35  9 9 
33  9 9 
36  9 9 
31  9 9 
35  9 9 
38  9 9 
42  9 9 
45  9 9 
42  9 9 
38  9 9 
42  9 9 
33  9 9 
33  9 9 
36  9 9 
37  9 9 
37  9 9 
41  9 9 
41  9 9 
46  9 9 
45  9 9 
38  9 9 
43  9 9 
44  9 9 
45  9 9 
48  9 9 
49  9 9 
48  9 9 
51  9 9 
52  9 9 
49  9 9 
49  9 9 
51  9 9 
55  9 9 
52  9 9 
54  9 9 
53  9 9 
53  9 9 
52  9 9 
50  9 9 
49  9 9 
54  9 9 
52  9 9 
-17  10 10 
-13  10 10 
-18  10 10 
-16  10 10 
-10  10 10 
-10  10 10 
-10  10 10 
-9  9 9 
-8  9 9 
-7  9 9 
-7  9 9 
-6  9 9 
-6  9 9 
-5  9 9 
-2  9 9 
-1  9 9 
0  9 9 
1  8 8 
1  8 8 
2  8 8 
2  8 8 
-18  10 10 
-15  10 10 
-7  9 9 
3  8 8 
1  8 8 
-2  9 9 
9  8 8 
7  8 8 
3  8 8 
1  8 8 
6  8 8 
12  9 9 
9  8 8 
6  8 8 
8  8 8 
9  8 8 
11  9 9 
14  9 9 
10  9 9 
12  9 9 
17  9 9 
14  9 9 
14  9 9 
21  9 9 
19  9 9 
15  9 9 
18  9 9 
21  9 9 
18  9 9 
26  9 9 
25  9 9 
23  9 9 
31  9 9 
32  9 9 
33  9 9 
31  9 9 
36  9 9 
34  9 9 
41  9 9 
40  9 9 
35  9 9 
42  9 9 
38  9 9 
45  9 9 
18  9 9 
21  9 9 
21  9 9 
21  9 9 
22  9 9 
22  9 9 
22  9 9 
27  9 9 
30  9 9 
28  9 9 
32  9 9 
23  9 9 
24  9 9 
27  9 9 
27  9 9 
27  9 9 
28  9 9 
31  9 9 
36  9 9 
32  9 9 
33  9 9 
34  9 9 
36  9 9 
35  9 9 
36  9 9 
36  9 9 
37  9 9 
35  9 9 
39  9 9 
39  9 9 
34  9 9 
38  9 9 
43  9 9 
45  9 9 
42  9 9 
43  9 9 
47  9 9 
53  9 9 
39  9 9 
42  9 9 
48  9 9 
48  9 9 
49  9 9 
55  9 9 
39  9 9 
42  9 9 
44  9 9 
44  9 9 
47  9 9 
46  9 9 
46  9 9 
48  9 9 
46  9 9 
51  9 9 
50  9 9 
51  9 9 
55  9 9 
51  9 9 
55  9 9 
53  9 9 
58  9 9 
54  9 9 
56  9 9 
59  9 9 
59  9 9 
42  9 9 
46  9 9 
39  9 9 
41  9 9 
46  9 9 
50  9 9 
47  9 9 
49  9 9 
53  9 9 
56  9 9 
57  9 9 
57  9 9 
52  9 9 
54  9 9 
57  9 9 
59  9 9 
50  9 9 
53  9 9 
51  9 9 
56  9 9 
56  9 9 
57  9 9 
58  9 9 
61  9 9 
62  9 9 
58  9 9 
61  9 9 
55  9 9 
57  9 9 
59  9 9 
55  9 9 
62  9 9 
59  9 9 
64  9 9 
59  9 9 
57  9 9 
62  9 9 
67  9 9 
65  9 9 
70  9 9 
61  9 9 
61  9 9 
62  9 9 
62  9 9 
63  9 9 
60  9 9 
58  9 9 
60  9 9 
59  9 9 
60  9 9 
63  9 9 
61  9 9 
63  9 9 
63  9 9 
66  9 9 
65  9 9 
66  9 9 
70  9 9 
63  9 9 
64  9 9 
60  9 9 
66  9 9 
64  9 9 
63  9 9 
65  9 9 
69  9 9 
66  9 9 
65  9 9 
66  9 9 
69  9 9 
68  9 9 
69  9 9 
68  9 9 
72  9 9 
73  9 9 
66  9 9 
69  9 9 
70  9 9 
69  9 9 
72  9 9 
72  9 9 
77  9 9 
76  9 9 
79  9 9 
72  9 9 
72  9 9 
75  9 9 
75  9 9 
78  9 9 
78  9 9 
80  9 9 
81  9 9 
83  9 9 
61  9 9 
62  9 9 
64  9 9 
66  9 9 
64  9 9 
63  9 9 
65  9 9 
64  9 9 
65  9 9 
67  9 9 
69  9 9 
69  9 9 
71  9 9 
68  9 9 
67  9 9 
66  9 9 
69  9 9 
71  9 9 
71  9 9 
71  9 9 
72  9 9 
73  9 9 
76  9 9 
73  9 9 
76  9 9 
75  9 9 
77  9 9 
68  9 9 
69  9 9 
69  9 9 
69  9 9 
70  9 9 
71  9 9 
71  9 9 
71  9 9 
72  9 9 
72  9 9 
72  9 9 
72  9 9 
74  9 9 
74  9 9 
74  9 9 
75  9 9 
75  9 9 
75  9 9 
75  9 9 
75  9 9 
76  9 9 
77  9 9 
76  9 9 
76  9 9 
77  9 9 
77  9 9 
78  9 9 
77  9 9 
78  9 9 
78  9 9 
79  9 9 
78  9 9 
79  9 9 
79  9 9 
78  9 9 
79  9 9 
73  9 9 
76  9 9 
75  9 9 
74  9 9 
74  9 9 
74  9 9 
79  9 9 
79  9 9 
80  9 9 
77  9 9 
78  9 9 
79  9 9 
81  9 9 
81  9 9 
83  9 9 
83  9 9 
83  9 9 
84  9 9 
84  9 9 
84  9 9 
84  9 9 
83  9 9 
82  9 9 
83  9 9 
85  9 9 
89  9 9 
87  9 9 
85  9 9 
84  9 9 
85  9 9 
84  9 9 
84  9 9 
85  9 9 
85  9 9 
85  9 9 
85  9 9 
86  9 9 
85  9 9 
86  9 9 
87  9 9 
87  9 9 
89  9 9 
91  9 9 
90  9 9 
88  9 9 
88  9 9 
89  9 9 
89  9 9 
89  9 9 
89  9 9 
89  9 9 
89  9 9 
89  9 9 
90  9 9 
90  9 9 
79  9 9 
80  9 9 
80  9 9 
80  9 9 
81  9 9 
82  9 9 
82  9 9 
83  9 9 
4  8 8 
10  9 9 
6  8 8 
7  8 8 
8  8 8 
10  9 9 
4  8 8 
2  8 8 
2  8 8 
2  8 8 
2  8 8 
9  8 8 
7  8 8 
6  8 8 
5  8 8 
12  9 9 
10  9 9 
12  9 9 
12  9 9 
14  9 9 
14  9 9 
6  8 8 
4  8 8 
10  9 9 
6  8 8 
10  9 9 
10  9 9 
3  8 8 
5  8 8 
1  8 8 
3  8 8 
4  8 8 
5  8 8 
5  8 8 
8  8 8 
13  9 9 
10  9 9 
8  8 8 
12  9 9 
11  9 9 
14  9 9 
14  9 9 
14  9 9 
17  9 9 
13  9 9 
16  9 9 
15  9 9 
17  9 9 
19  9 9 
16  9 9 
17  9 9 
2  8 8 
0  9 9 
0  9 9 
0  9 9 
-1  9 9 
1  8 8 
0  9 9 
0  8 8 
-1  9 9 
13  9 9 
14  9 9 
15  9 9 
17  9 9 
17  9 9 
19  9 9 
20  9 9 
18  9 9 
16  9 9 
20  9 9 
23  9 9 
22  9 9 
24  9 9 
0  9 9 
1  8 8 
0  8 8 
0  8 8 
2  8 8 
2  8 8 
1  8 8 
1  8 8 
6  8 8 
6  8 8 
7  8 8 
6  8 8 
9  8 8 
10  9 9 
13  9 9 
14  9 9 
11  9 9 
11  9 9 
16  9 9 
13  9 9 
16  9 9 
2  8 8 
2  8 8 
2  8 8 
3  8 8 
4  8 8 
4  8 8 
7  8 8 
5  8 8 
4  8 8 
6  8 8 
6  8 8 
6  8 8 
8  8 8 
8  8 8 
15  9 9 
17  9 9 
19  9 9 
21  9 9 
16  9 9 
18  9 9 
18  9 9 
19  9 9 
21  9 9 
19  9 9 
17  9 9 
20  9 9 
23  9 9 
15  9 9 
18  9 9 
19  9 9 
20  9 9 
20  9 9 
21  9 9 
21  9 9 
22  9 9 
23  9 9 
22  9 9 
23  9 9 
24  9 9 
25  9 9 
28  9 9 
28  9 9 
30  9 9 
27  9 9 
29  9 9 
30  9 9 
19  9 9 
22  9 9 
24  9 9 
22  9 9 
22  9 9 
24  9 9 
25  9 9 
24  9 9 
24  9 9 
27  9 9 
29  9 9 
9  8 8 
11  9 9 
10  9 9 
7  8 8 
11  9 9 
17  9 9 
21  9 9 
16  9 9 
6  8 8 
3  8 8 
7  8 8 
8  8 8 
6  8 8 
9  8 8 
12  9 9 
18  9 9 
12  9 9 
15  9 9 
14  9 9 
17  9 9 
19  9 9 
4  8 8 
9  8 8 
14  9 9 
12  9 9 
22  9 9 
20  9 9 
22  9 9 
21  9 9 
21  9 9 
25  9 9 
25  9 9 
27  9 9 
29  9 9 
31  9 9 
27  9 9 
27  9 9 
26  9 9 
32  9 9 
16  9 9 
14  9 9 
20  9 9 
21  9 9 
16  9 9 
11  9 9 
15  9 9 
16  9 9 
10  9 9 
19  9 9 
20  9 9 
17  9 9 
23  9 9 
22  9 9 
13  9 9 
11  9 9 
11  9 9 
14  9 9 
18  9 9 
22  9 9 
26  9 9 
18  9 9 
27  9 9 
25  9 9 
25  9 9 
25  9 9 
27  9 9 
29  9 9 
30  9 9 
32  9 9 
30  9 9 
32  9 9 
28  9 9 
25  9 9 
32  9 9 
35  9 9 
31  9 9 
38  9 9 
22  9 9 
25  9 9 
25  9 9 
26  9 9 
28  9 9 
28  9 9 
28  9 9 
28  9 9 
29  9 9 
25  9 9 
32  9 9 
33  9 9 
29  9 9 
29  9 9 
32  9 9 
32  9 9 
27  9 9 
29  9 9 
30  9 9 
29  9 9 
31  9 9 
30  9 9 
30  9 9 
27  9 9 
30  9 9 
27  9 9 
29  9 9 
30  9 9 
29  9 9 
30  9 9 
31  9 9 
32  9 9 
36  9 9 
34  9 9 
31  9 9 
34  9 9 
31  9 9 
31  9 9 
30  9 9 
36  9 9 
40  9 9 
43  9 9 
46  9 9 
37  9 9 
45  9 9 
40  9 9 
37  9 9 
45  9 9 
49  9 9 
47  9 9 
34  9 9 
37  9 9 
34  9 9 
42  9 9 
48  9 9 
46  9 9 
49  9 9 
38  9 9 
46  9 9 
43  9 9 
51  9 9 
54  9 9 
50  9 9 
53  9 9 
52  9 9 
56  9 9 
62  9 9 
62  9 9 
59  9 9 
65  9 9 
63  9 9 
68  9 9 
53  9 9 
52  9 9 
58  9 9 
59  9 9 
57  9 9 
61  9 9 
62  9 9 
71  9 9 
62  9 9 
64  9 9 
66  9 9 
70  9 9 
28  9 9 
29  9 9 
37  9 9 
34  9 9 
33  9 9 
36  9 9 
37  9 9 
30  9 9 
32  9 9 
34  9 9 
38  9 9 
38  9 9 
42  9 9 
36  9 9 
39  9 9 
41  9 9 
35  9 9 
41  9 9 
43  9 9 
41  9 9 
44  9 9 
43  9 9 
44  9 9 
37  9 9 
42  9 9 
42  9 9 
46  9 9 
45  9 9 
47  9 9 
41  9 9 
44  9 9 
49  9 9 
54  9 9 
57  9 9 
53  9 9 
51  9 9 
48  9 9 
48  9 9 
54  9 9 
42  9 9 
49  9 9 
53  9 9 
45  9 9 
47  9 9 
53  9 9 
48  9 9 
46  9 9 
53  9 9 
50  9 9 
58  9 9 
56  9 9 
45  9 9 
47  9 9 
47  9 9 
50  9 9 
50  9 9 
50  9 9 
52  9 9 
54  9 9 
56  9 9 
60  9 9 
70  9 9 
59  9 9 
62  9 9 
64  9 9 
65  9 9 
65  9 9 
72  9 9 
74  9 9 
70  9 9 
69  9 9 
72  9 9 
59  9 9 
58  9 9 
64  9 9 
67  9 9 
65  9 9 
71  9 9 
68  9 9 
75  9 9 
73  9 9 
70  9 9 
68  9 9 
75  9 9 
14  9 9 
15  9 9 
13  9 9 
19  9 9 
19  9 9 
24  9 9 
22  9 9 
26  9 9 
25  9 9 
19  9 9 
17  9 9 
22  9 9 
19  9 9 
31  9 9 
27  9 9 
32  9 9 
29  9 9 
30  9 9 
36  9 9 
19  9 9 
22  9 9 
17  9 9 
20  9 9 
29  9 9 
25  9 9 
32  9 9 
35  9 9 
30  9 9 
23  9 9 
23  9 9 
24  9 9 
21  9 9 
19  9 9 
26  9 9 
26  9 9 
33  9 9 
28  9 9 
33  9 9 
30  9 9 
32  9 9 
36  9 9 
37  9 9 
40  9 9 
39  9 9 
36  9 9 
28  9 9 
35  9 9 
33  9 9 
35  9 9 
37  9 9 
38  9 9 
41  9 9 
43  9 9 
37  9 9 
41  9 9 
39  9 9 
40  9 9 
50  9 9 
45  9 9 
45  9 9 
36  9 9 
42  9 9 
44  9 9 
47  9 9 
49  9 9 
41  9 9 
45  9 9 
43  9 9 
44  9 9 
48  9 9 
47  9 9 
51  9 9 
53  9 9 
51  9 9 
54  9 9 
56  9 9 
49  9 9 
51  9 9 
52  9 9 
55  9 9 
57  9 9 
48  9 9 
54  9 9 
56  9 9 
57  9 9 
57  9 9 
57  9 9 
53  9 9 
56  9 9 
54  9 9 
57  9 9 
59  9 9 
58  9 9 
62  9 9 
65  9 9 
62  9 9 
59  9 9 
58  9 9 
67  9 9 
65  9 9 
62  9 9 
71  9 9 
65  9 9 
75  9 9 
71  9 9 
70  9 9 
74  9 9 
61  9 9 
62  9 9 
63  9 9 
60  9 9 
59  9 9 
60  9 9 
62  9 9 
63  9 9 
65  9 9 
60  9 9 
61  9 9 
64  9 9 
66  9 9 
68  9 9 
70  9 9 
73  9 9 
71  9 9 
63  9 9 
62  9 9 
63  9 9 
64  9 9 
63  9 9 
63  9 9 
66  9 9 
64  9 9 
64  9 9 
66  9 9 
67  9 9 
67  9 9 
69  9 9 
68  9 9 
70  9 9 
68  9 9 
69  9 9 
69  9 9 
69  9 9 
70  9 9 
70  9 9 
70  9 9 
71  9 9 
24  9 9 
23  9 9 
26  9 9 
27  9 9 
29  9 9 
27  9 9 
25  9 9 
24  9 9 
26  9 9 
33  9 9 
30  9 9 
33  9 9 
38  9 9 
37  9 9 
31  9 9 
34  9 9 
35  9 9 
36  9 9 
34  9 9 
38  9 9 
37  9 9 
37  9 9 
38  9 9 
38  9 9 
37  9 9 
42  9 9 
39  9 9 
45  9 9 
44  9 9 
46  9 9 
40  9 9 
40  9 9 
41  9 9 
41  9 9 
42  9 9 
44  9 9 
46  9 9 
47  9 9 
46  9 9 
47  9 9 
48  9 9 
48  9 9 
49  9 9 
51  9 9 
48  9 9 
49  9 9 
56  9 9 
54  9 9 
49  9 9 
51  9 9 
53  9 9 
51  9 9 
54  9 9 
58  9 9 
57  9 9 
53  9 9 
54  9 9 
55  9 9 
56  9 9 
58  9 9 
59  9 9 
58  9 9 
59  9 9 
59  9 9 
59  9 9 
61  9 9 
61  9 9 
61  9 9 
61  9 9 
62  9 9 
61  9 9 
62  9 9 
71  9 9 
66  9 9 
74  9 9 
73  9 9 
75  9 9 
80  9 9 
77  9 9 
78  9 9 
76  9 9 
75  9 9 
80  9 9 
82  9 9 
82  9 9 
79  9 9 
82  9 9 
75  9 9 
77  9 9 
79  9 9 
84  9 9 
86  9 9 
86  9 9 
79  9 9 
80  9 9 
81  9 9 
81  9 9 
81  9 9 
82  9 9 
82  9 9 
83  9 9 
82  9 9 
82  9 9 
82  9 9 
83  9 9 
83  9 9 
84  9 9 
85  9 9 
86  9 9 
85  9 9 
86  9 9 
86  9 9 
85  9 9 
85  9 9 
83  9 9 
71  9 9 
72  9 9 
74  9 9 
73  9 9 
71  9 9 
71  9 9 
76  9 9 
76  9 9 
74  9 9 
73  9 9 
74  9 9 
75  9 9 
75  9 9 
74  9 9 
75  9 9 
75  9 9 
77  9 9 
77  9 9 
77  9 9 
76  9 9 
76  9 9 
77  9 9 
77  9 9 
77  9 9 
78  9 9 
79  9 9 
77  9 9 
78  9 9 
75  9 9 
75  9 9 
76  9 9 
80  9 9 
88  9 9 
89  9 9 
87  9 9 
87  9 9 
88  9 9 
87  9 9 
88  9 9 
88  9 9 
69  9 9 
72  9 9 
73  9 9 
74  9 9 
77  9 9 
78  9 9 
77  9 9 
81  9 9 
78  9 9 
77  9 9 
77  9 9 
78  9 9 
80  9 9 
82  9 9 
83  9 9 
79  9 9 
81  9 9 
82  9 9 
84  9 9 
84  9 9 
86  9 9 
87  9 9 
84  9 9 
87  9 9 
90  9 9 
90  9 9 
85  9 9 
83  9 9 
85  9 9 
86  9 9 
87  9 9 
88  9 9 
89  9 9 
90  9 9 
90  9 9 
92  9 9 
80  9 9 
80  9 9 
82  9 9 
84  9 9 
85  9 9 
86  9 9 
83  9 9 
86  9 9 
88  9 9 
81  9 9 
85  9 9 
87  9 9 
88  9 9 
86  9 9 
87  9 9 
88  9 9 
88  9 9 
89  9 9 
91  9 9 
89  9 9 
91  9 9 
90  9 9 
92  9 9 
92  9 9 
92  9 9 
92  9 9 
92  9 9 
88  9 9 
89  9 9 
90  9 9 
89  9 9 
89  9 9 
91  9 9 
90  9 9 
90  9 9 
91  9 9 
91  9 9 
92  9 9 
94  9 9 
93  9 9 
94  9 9 
92  9 9 
92  9 9 
90  9 9 
91  9 9 
91  9 9 
91  9 9 
92  9 9 
92  9 9 
92  9 9 
92  9 9 
92  9 9 
92  9 9 
93  9 9 
93  9 9 
93  9 9 
86  9 9 
88  9 9 
89  9 9 
91  9 9 
90  9 9 
93  9 9 
92  9 9 
91  9 9 
91  9 9 
91  9 9 
91  9 9 
92  9 9 
90  9 9 
92  9 9 
92  9 9 
92  9 9 
92  9 9 
93  9 9 
93  9 9 
93  9 9 
93  9 9 
93  9 9 
93  9 9 
93  9 9 
93  9 9 
94  9 9 
94  9 9 
94  9 9 
94  9 9 
94  9 9 
94  9 9 
94  9 9 
91  9 9 
93  9 9 
92  9 9 
93  9 9 
91  9 9 
93  9 9 
94  9 9 
94  9 9 
94  9 9 
94  9 9 
94  9 9 
94  9 9 
94  9 9 
94  9 9 
94  9 9 
94  9 9 
94  9 9 
95  9 9 
94  9 9 
95  9 9 
94  9 9 
95  9 9 
95  9 9 
95  9 9 
95  9 9 
95  9 9 
95  9 9 
95  9 9 
93  9 9 
93  9 9 
94  9 9 
95  9 9 
95  9 9 
95  9 9 
95  9 9 
95  9 9 
95  9 9 
95  9 9 
94  9 9 
95  9 9 
95  9 9 
95  9 9 
95  9 9 
95  9 9 
94  9 9 
95  9 9 
95  9 9 
95  9 9 
95  9 9 
94  9 9 
95  9 9 
95  9 9 
95  9 9 
95  9 9 
95  9 9 
95  9 9 
95  9 9 
95  9 9 
94  9 9 
94  9 9 
94  9 9 
94  9 9 
95  9 9 
95  9 9 
95  9 9 
95  9 9 
94  9 9 
94  9 9 
94  9 9 
95  9 9 
88  9 9 
89  9 9 
90  9 9 
90  9 9 
90  9 9 
90  9 9 
90  9 9 
90  9 9 
90  9 9 
90  9 9 
-38  10 10 
-40  10 10 
-2  9 9 
-4  9 9 
-3  9 9 
-5  9 9 
-3  9 9 
-4  9 9 
-4  9 9 
-4  9 9 
9  8 8 
9  8 8 
